#ifndef _COEFFS12_H_
#define _COEFFS12_H_

float coeffs[13][13]={

{8.064939874939874,-50.47705627705628,171.81190476190477,-406.24867724867727,706.1696428571429,-919.7371428571429,904.4555555555555,-669.8857142857142,368.55357142857144,-146.2804232804233,39.642380952380954,-6.5722943722943725,0.5033128908128908},

{0.5033128908128908,1.5218722943722944,-11.218650793650793,27.86441798941799,-46.379960317460316,58.40595238095238,-56.05222222222222,40.77063492063492,-22.12202380952381,8.684854497354497,-2.332936507936508,0.38397546897546897,-0.029226791726791726},

{-0.029226791726791726,0.8832611832611833,-0.7578174603174603,-2.85978835978836,6.967261904761905,-8.765079365079366,8.252777777777778,-5.899047619047619,3.1557539682539684,-1.2248677248677249,0.3259920634920635,-0.053246753246753244,0.004027176527176527},

{0.004027176527176527,-0.08158008658008659,1.1973809523809524,-1.9095899470899471,0.019642857142857142,1.7842857142857143,-1.8544444444444443,1.342142857142857,-0.7160714285714286,0.2763227513227513,-0.0730952380952381,0.011872294372294373,-0.0008934583934583934},

{-0.0008934583934583934,0.01564213564213564,-0.15126984126984128,1.452910052910053,-2.5484126984126982,1.1695238095238096,0.2511111111111111,-0.32126984126984126,0.19226190476190477,-0.07724867724867725,0.020793650793650795,-0.0034054834054834055,0.00025733525733525735},

{0.00025733525733525735,-0.004238816738816739,0.03571428571428571,-0.22486772486772486,1.6369047619047619,-2.8796031746031745,1.6111111111111112,-0.19047619047619047,0.00992063492063492,0.008267195767195767,-0.003650793650793651,0.0007215007215007215,-6.012506012506013e-5},

{-6.012506012506013e-5,0.001038961038961039,-0.008928571428571428,0.05291005291005291,-0.26785714285714285,1.7142857142857142,-2.9827777777777778,1.7142857142857142,-0.26785714285714285,0.05291005291005291,-0.008928571428571428,0.001038961038961039,-6.012506012506013e-5},

{-6.012506012506013e-5,0.0007215007215007215,-0.003650793650793651,0.008267195767195767,0.00992063492063492,-0.19047619047619047,1.6111111111111112,-2.8796031746031745,1.6369047619047619,-0.22486772486772486,0.03571428571428571,-0.004238816738816739,0.00025733525733525735},

{0.00025733525733525735,-0.0034054834054834055,0.020793650793650795,-0.07724867724867725,0.19226190476190477,-0.32126984126984126,0.2511111111111111,1.1695238095238096,-2.5484126984126982,1.452910052910053,-0.15126984126984128,0.01564213564213564,-0.0008934583934583934},

{-0.0008934583934583934,0.011872294372294373,-0.0730952380952381,0.2763227513227513,-0.7160714285714286,1.342142857142857,-1.8544444444444443,1.7842857142857143,0.019642857142857142,-1.9095899470899471,1.1973809523809524,-0.08158008658008659,0.004027176527176527},

{0.004027176527176527,-0.053246753246753244,0.3259920634920635,-1.2248677248677249,3.1557539682539684,-5.899047619047619,8.252777777777778,-8.765079365079366,6.967261904761905,-2.85978835978836,-0.7578174603174603,0.8832611832611833,-0.029226791726791726},

{-0.029226791726791726,0.38397546897546897,-2.332936507936508,8.684854497354497,-22.12202380952381,40.77063492063492,-56.05222222222222,58.40595238095238,-46.379960317460316,27.86441798941799,-11.218650793650793,1.5218722943722944,0.5033128908128908},

{0.5033128908128908,-6.5722943722943725,39.642380952380954,-146.2804232804233,368.55357142857144,-669.8857142857142,904.4555555555555,-919.7371428571429,706.1696428571429,-406.24867724867727,171.81190476190477,-50.47705627705628,8.064939874939874}
};



#endif
